{
  "advancedEditorSelectedIdentifier" : "ProjectBrowser",
  "openSceneRelativePaths" : [
    "Scene.usda"
  ],
  "recentIdentifiers" : {
    "26DBAE76-5DD8-47B6-A085-1B4ADA111097" : [

    ]
  },
  "sceneCameraHistory" : {
    "26DBAE76-5DD8-47B6-A085-1B4ADA111097" : [
      {
        "date" : 759090836.80653,
        "title" : "Untitled",
        "transform" : [
          0.9755005,
          -1.1952791e-08,
          0.2199973,
          0,
          0.12066305,
          0.836167,
          -0.5350377,
          0,
          -0.18395446,
          0.54847497,
          0.8156813,
          0,
          -0.6284916,
          2.3817477,
          1.8994992,
          1
        ]
      },
      {
        "date" : 759090350.461518,
        "title" : "Untitled",
        "transform" : [
          0.9506529,
          -8.1346145e-11,
          0.31025642,
          0,
          -0.012879996,
          0.999138,
          0.03946544,
          0,
          -0.30998895,
          -0.041514035,
          0.9498334,
          0,
          -0.8075876,
          1.3588418,
          1.913799,
          1
        ]
      },
      {
        "date" : 759090339.398781,
        "title" : "Untitled",
        "transform" : [
          0.93164325,
          -1.5778563e-09,
          0.3633743,
          0,
          -0.09901103,
          0.9621623,
          0.25385106,
          0,
          -0.34962508,
          -0.2724767,
          0.89639205,
          0,
          -0.18852633,
          0.97875935,
          -0.028493036,
          1
        ]
      },
      {
        "date" : 759090318.440821,
        "title" : "Untitled",
        "transform" : [
          -0.31776404,
          -0.01170124,
          0.94809765,
          0,
          -0.91833246,
          0.25266978,
          -0.30466956,
          0,
          -0.23599058,
          -0.9674818,
          -0.09103499,
          0,
          -0.11200969,
          2.5688467,
          3.0830915,
          1
        ]
      },
      {
        "date" : 759090313.69151,
        "title" : "Untitled",
        "transform" : [
          -0.31776404,
          -0.01170124,
          0.94809765,
          0,
          -0.91833246,
          0.25266978,
          -0.30466956,
          0,
          -0.23599058,
          -0.9674818,
          -0.09103499,
          0,
          0,
          3.0280476,
          3.1263008,
          1
        ]
      },
      {
        "date" : 759090259.409718,
        "title" : "Untitled",
        "transform" : [
          1,
          0,
          0,
          0,
          0,
          0.7071069,
          -0.70710677,
          0,
          0,
          0.70710677,
          0.7071069,
          0,
          0,
          0.40149984,
          0.40149984,
          1
        ]
      }
    ]
  },
  "sceneViewportBackgroundColors" : {

  }
}